PLAYER	POS	Team	G	AB	R	H	2B	3B	HR	RBI	BB	K	SB	CS	AVG	SLG	OBP	OPS
"Abreu, Bobby"	OF	NYM	78	133	12	33	9	0	1	14	20	21	1	0	.248	.338	.342	.680
"Abreu, Jose"	1B/DH	CHW	145	556	80	176	35	2	36	107	51	131	3	1	.317	.581	.383	.964
"Abreu, Tony"	3B/2B	FA	3	4	0	0	0	0	0	0	0	0	0	0	.000	.000	.000	.000
"Ackley, Dustin"	OF	SEA	143	502	64	123	27	4	14	65	32	90	8	4	.245	.398	.293	.692
"Adames, Cristhian"	SS	COL	7	15	1	1	0	0	0	0	0	5	0	0	.067	.067	.067	.133
"Adams, Lane"	DH/OF	KC	6	3	1	0	0	0	0	0	0	2	0	0	.000	.000	.000	.000
"Adams, Matt"	1B	STL	142	527	55	152	34	5	15	68	26	114	3	2	.288	.457	.321	.779
"Adduci, Jim"	OF	TEX	44	101	13	17	3	0	1	8	10	27	3	1	.168	.228	.239	.467
"Adrianza, Ehire"	2B	SF	53	97	10	23	6	0	0	5	5	22	1	1	.237	.299	.279	.578
"Aguilar, Jesus"	1B	CLE	19	33	2	4	0	0	0	3	4	13	0	0	.121	.121	.211	.332
"Ahmed, Nick"	SS	AZ	25	70	9	14	2	0	1	4	3	10	0	1	.200	.271	.233	.504
"Alcantara, Arismendy"	OF/2B	CHC	71	280	31	58	12	2	10	29	17	93	8	5	.207	.371	.256	.627
"Almonte, Abraham"	OF	SD	59	204	19	47	10	1	3	15	12	60	4	3	.230	.333	.275	.609
"Almonte, Zoilo"	OF	NYY	13	36	2	5	0	0	1	3	0	14	1	0	.139	.222	.139	.361
"Alonso, Yonder"	1B	SD	84	267	27	64	19	1	7	27	17	36	6	1	.240	.397	.285	.682
"Altherr, Aaron"	OF	PHI	2	5	0	0	0	0	0	0	0	2	0	0	.000	.000	.000	.000
"Altuve, Jose"	2B	HOU	158	660	85	225	47	3	7	59	36	53	56	9	.341	.453	.377	.830
"Alvarez, Pedro"	3B	PIT	123	399	46	92	13	1	18	56	45	114	8	3	.231	.404	.312	.715
"Amarista, Alexi"	SS/3B/2B/OF	SD	148	423	39	101	13	2	5	40	29	69	12	1	.239	.314	.286	.600
"Anderson, Bryan"	C	OAK	1	1	0	0	0	0	0	0	0	0	0	0	.000	.000	.000	.000
"Andrus, Elvis"	SS	TEX	157	619	72	163	35	1	2	41	46	96	27	15	.263	.333	.314	.647
"Anna, Dean"	SS	PIT	11	19	3	3	1	0	1	3	2	5	0	0	.158	.368	.227	.596
"Aoki, Norichika"	OF	KC	133	495	64	141	22	6	1	43	43	50	17	8	.285	.360	.349	.708
"Arcia, Oswaldo"	OF	MIN	103	372	46	86	16	3	20	57	31	127	1	2	.231	.452	.300	.752
"Arenado, Nolan"	3B	COL	111	432	58	124	34	2	18	61	25	58	2	1	.287	.500	.328	.828
"Arencibia, J.P."	1B/C	FA	62	203	20	36	9	0	10	35	10	62	0	0	.177	.369	.239	.608
"Arias, Joaquin"	3B	SF	108	195	18	51	10	0	0	15	8	23	1	0	.262	.313	.288	.601
"Arruebarrena, Erisbel"	SS	LAD	22	41	4	8	1	0	0	4	3	17	0	0	.195	.220	.244	.464
"Asche, Cody"	3B	PHI	121	397	43	100	25	0	10	46	33	102	0	1	.252	.390	.309	.699
"Avila, Alex"	C	DET	124	390	44	85	22	0	11	47	61	151	0	3	.218	.359	.327	.686
"Aviles, Mike"	3B/2B/OF	CLE	114	347	38	85	16	1	5	40	13	49	14	5	.245	.340	.270	.610
"Aybar, Erick"	SS	LAA	156	589	77	164	30	4	7	68	36	62	16	9	.278	.379	.321	.700
"Baez, Javier"	SS/2B	CHC	53	214	26	36	6	0	9	20	16	96	5	1	.168	.322	.229	.552
"Baker, Jeff"	1B/2B	MIA	90	208	27	55	10	4	3	28	13	51	1	0	.264	.394	.307	.701
"Baker, John"	C	CHC	68	186	8	35	7	0	0	15	19	60	0	0	.188	.226	.268	.494
"Barmes, Clint"	SS	PIT	49	103	15	25	5	0	0	7	9	18	1	1	.243	.291	.325	.616
"Barnes, Brandon"	OF	COL	132	292	37	75	17	4	8	27	15	100	5	4	.257	.425	.293	.718
"Barney, Darwin"	2B	LAD	94	237	24	57	11	2	3	23	17	34	1	0	.241	.342	.300	.642
"Barnhart, Tucker"	C	CIN	21	54	3	10	0	0	1	1	4	10	0	0	.185	.241	.241	.482
"Bartlett, Jason"	OF	FA	3	3	3	0	0	0	0	0	0	3	0	0	.000	.000	.250	.250
"Barton, Daric"	1B	FA	30	57	7	9	1	0	0	5	5	14	0	0	.158	.175	.234	.410
"Bautista, Jose"	OF	TOR	155	553	101	158	27	0	35	103	104	96	6	2	.286	.524	.403	.928
"Baxter, Mike"	OF	LAD	4	7	0	0	0	0	0	0	1	2	0	0	.000	.000	.125	.125
"Beckham, Gordon"	2B	LAA	127	446	53	101	27	0	9	44	22	81	3	0	.226	.348	.271	.618
"Belnome, Vincent"	DH	TB	4	10	1	1	1	0	0	1	3	3	0	0	.100	.200	.286	.486
"Belt, Brandon"	1B	SF	61	214	30	52	8	0	12	27	18	64	3	1	.243	.449	.306	.755
"Beltran, Carlos"	DH/OF	NYY	109	403	46	94	23	0	15	49	37	80	3	1	.233	.402	.301	.703
"Beltre, Adrian"	3B	TEX	148	549	79	178	33	1	19	77	57	74	1	1	.324	.492	.388	.879
"Bernadina, Roger"	OF	FA	53	66	5	11	3	0	1	9	10	19	2	1	.167	.258	.304	.561
"Bernier, Doug"	SS	MIN	7	7	2	2	0	0	0	0	1	2	0	0	.286	.286	.444	.730
"Berry, Quintin"	OF	BAL	10	2	3	0	0	0	0	0	0	1	1	0	.000	.000	.000	.000
"Bethancourt, Christian"	C	ATL	31	113	7	28	3	0	0	9	3	26	1	1	.248	.274	.274	.548
"Betts, Mookie"	OF	BOS	52	189	34	55	12	1	5	18	21	31	7	3	.291	.444	.368	.812
"Bianchi, Jeff"	SS	FA	29	70	4	12	1	0	0	6	3	17	0	0	.171	.186	.203	.388
"Blackmon, Charlie"	OF	COL	154	593	82	171	27	3	19	72	31	96	28	10	.288	.440	.335	.775
"Blanco, Andres"	3B	PHI	25	47	4	13	5	0	1	3	2	6	0	0	.277	.447	.306	.753
"Blanco, Gregor"	OF	SF	146	393	51	102	18	6	5	38	41	77	16	5	.260	.374	.333	.707
"Blanks, Kyle"	1B	SD	26	55	10	17	1	0	2	7	8	16	0	0	.309	.436	.409	.845
"Bloomquist, Willie"	SS	SEA	47	133	15	37	6	0	1	14	4	32	1	1	.278	.346	.297	.643
"Boesch, Brennan"	DH	LAA	27	75	6	14	2	0	2	7	2	19	3	0	.187	.293	.203	.496
"Bogaerts, Xander"	SS/3B	BOS	144	538	60	129	28	1	12	46	39	138	2	3	.240	.362	.297	.660
"Bonifacio, Emilio"	OF/2B	ATL	110	394	47	102	17	4	3	24	26	85	26	8	.259	.345	.305	.650
"Bour, Justin"	1B	CHC	39	74	10	21	3	0	1	11	9	19	0	0	.284	.365	.361	.726
"Bourgeois, Jason"	OF	CIN	18	33	5	8	0	1	0	1	1	6	0	0	.242	.303	.265	.568
"Bourjos, Peter"	OF	STL	119	264	32	61	9	5	4	24	20	78	9	3	.231	.348	.294	.643
"Bourn, Michael"	OF	CLE	107	448	57	114	17	10	3	28	36	115	10	6	.254	.357	.313	.670
"Bradley, Jackie"	OF	BOS	127	384	45	76	19	2	1	30	31	121	8	0	.198	.266	.265	.531
"Brantley, Michael"	OF	CLE	157	616	94	201	46	2	20	98	52	57	23	1	.326	.505	.383	.888
"Braun, Ryan"	OF	MIL	135	530	68	141	30	6	19	81	41	113	11	5	.266	.453	.324	.777
"Brentz, Bryce"	OF	BOS	9	26	5	8	2	0	0	2	0	9	0	0	.308	.385	.308	.692
"Brignac, Reid"	3B	COL	37	81	4	18	5	1	1	10	9	33	1	1	.222	.346	.300	.646
"Brown, Andrew"	OF	NYM	19	44	6	8	1	0	2	7	3	15	0	0	.182	.341	.245	.586
"Brown, Corey"	DH/OF	BOS	3	1	0	0	0	0	0	0	0	1	0	0	.000	.000	.000	.000
"Brown, Domonic"	OF	PHI	144	473	47	111	22	1	10	63	34	91	7	1	.235	.349	.285	.634
"Brown, Gary"	OF	SF	7	7	1	3	0	0	0	1	0	0	0	0	.429	.429	.429	.857
"Bruce, Jay"	OF	CIN	137	493	71	107	21	1	18	66	44	149	12	3	.217	.373	.281	.654
"Buck, John"	C	FA	32	89	9	20	2	0	1	6	8	26	0	0	.225	.281	.289	.570
"Burns, Billy"	DH	OAK	13	6	4	1	0	0	0	0	0	0	3	1	.167	.167	.167	.333
"Butera, Drew"	C	LAD	59	169	16	32	6	1	3	14	17	40	0	0	.189	.290	.268	.558
"Butler, Billy"	DH/1B	KC	152	552	57	149	32	0	9	66	41	97	0	0	.270	.377	.323	.700
"Butler, Dan"	C	BOS	7	19	1	4	3	0	0	2	1	5	0	0	.211	.368	.250	.618
"Butler, Joey"	OF	FA	6	5	0	0	0	0	0	0	1	3	0	0	.000	.000	.167	.167
"Byrd, Marlon"	OF	PHI	154	591	71	156	28	2	25	85	35	185	3	2	.264	.445	.312	.757
"Cabrera, Asdrubal"	SS/2B	WSH	146	553	74	133	31	4	14	61	49	108	10	2	.241	.387	.307	.694
"Cabrera, Everth"	SS	SD	90	357	36	83	13	1	3	20	20	86	18	8	.232	.300	.272	.572
"Cabrera, Melky"	OF	TOR	139	568	81	171	35	3	16	73	43	67	6	2	.301	.458	.351	.808
"Cabrera, Miguel"	1B/DH	DET	159	611	101	191	52	1	25	109	60	117	1	1	.313	.524	.371	.895
"Cain, Lorenzo"	OF	KC	134	475	55	142	29	4	5	53	24	108	28	5	.299	.408	.336	.744
"Calhoun, Kole"	OF	LAA	127	493	90	134	31	3	17	58	38	104	5	3	.272	.450	.325	.776
"Callaspo, Alberto"	2B/1B/DH	OAK	127	404	37	90	15	0	4	39	40	50	0	1	.223	.290	.290	.580
"Campana, Tony"	OF	LAA	44	75	10	14	1	1	0	5	0	16	4	2	.187	.227	.197	.424
"Campbell, Eric"	OF	NYM	85	190	16	50	9	0	3	16	17	55	3	0	.263	.358	.324	.682
"Cano, Robinson"	2B	SEA	157	595	77	187	37	2	14	82	61	68	10	3	.314	.454	.382	.836
"Carp, Mike"	1B	TEX	58	126	11	22	5	1	0	13	16	31	0	1	.175	.230	.289	.519
"Carpenter, Matt"	3B	STL	158	595	99	162	33	2	8	59	95	111	5	3	.272	.375	.375	.750
"Carrera, Ezequiel"	OF	CLE	45	69	12	18	4	1	0	2	3	14	7	1	.261	.348	.301	.649
"Carter, Chris"	DH	HOU	145	507	68	115	21	1	37	88	56	182	5	2	.227	.491	.308	.799
"Casali, Curt"	C	TB	30	72	10	12	3	0	0	3	8	23	0	0	.167	.208	.268	.477
"Casilla, Alexi"	3B/2B	BAL	1	4	0	0	0	0	0	0	0	1	0	0	.000	.000	.000	.000
"Castellanos, Nick"	3B	DET	148	533	50	138	31	4	11	66	36	140	2	2	.259	.394	.306	.700
"Castillo, Rusney"	OF	BOS	10	36	6	12	1	0	2	6	3	6	3	0	.333	.528	.400	.928
"Castillo, Welington"	C	CHC	111	382	28	90	19	0	13	46	26	102	0	0	.236	.387	.295	.682
"Castro, Jason"	C	HOU	126	465	43	103	21	2	14	56	34	151	1	0	.222	.366	.286	.651
"Castro, Starlin"	SS	CHC	135	530	58	154	33	1	14	65	35	100	4	4	.291	.436	.338	.774
"Cecchini, Garin"	3B	BOS	11	31	6	8	3	0	1	4	3	11	0	0	.258	.452	.361	.813
"Cedeno, Ronny"	SS	FA	7	9	0	0	0	0	0	0	0	2	0	0	.000	.000	.000	.000
"Centeno, Juan"	C	NYM	10	30	1	6	0	0	0	2	3	5	0	0	.200	.200	.273	.473
"Cervelli, Francisco"	C	NYY	49	146	18	44	11	1	2	13	11	41	1	0	.301	.432	.370	.802
"Cespedes, Yoenis"	OF/DH	BOS	152	600	89	156	36	6	22	100	35	128	7	2	.260	.450	.301	.751
"Chavez, Endy"	OF	SEA	80	232	22	64	12	2	2	23	15	30	5	2	.276	.371	.317	.688
"Chavez, Eric"	3B	FA	44	69	6	17	3	1	3	8	11	19	2	0	.246	.449	.346	.795
"Chirinos, Robinson"	C	TEX	93	306	36	73	15	0	13	40	17	71	0	1	.239	.415	.290	.705
"Chisenhall, Lonnie"	3B	CLE	143	479	62	135	30	1	13	61	39	99	3	1	.282	.430	.344	.774
"Choice, Michael"	OF	TEX	86	253	20	46	6	1	9	36	21	69	1	0	.182	.320	.250	.570
"Choo, Shin-Soo"	OF/DH	TEX	123	455	58	110	19	1	13	40	58	131	3	4	.242	.374	.340	.714
"Ciriaco, Pedro"	2B	KC	25	47	7	10	2	0	0	2	0	9	4	0	.213	.255	.229	.484
"Clark, Matt"	1B	MIL	16	27	4	5	0	0	3	7	2	8	0	0	.185	.519	.226	.744
"Clevenger, Steve"	C	BAL	35	89	8	20	8	1	0	8	8	19	0	0	.225	.337	.289	.626
"Coghlan, Chris"	OF	CHC	126	387	50	109	28	5	9	41	39	82	7	4	.282	.450	.350	.800
"Colabello, Chris"	1B	MIN	59	205	17	47	13	0	6	39	14	66	0	2	.229	.380	.282	.662
"Collins, Tyler"	OF	DET	18	24	3	6	0	0	1	4	1	4	0	0	.250	.375	.280	.655
"Colon, Christian"	2B	KC	21	45	8	15	5	1	0	6	3	4	2	0	.333	.489	.375	.864
"Colvin, Tyler"	OF	FA	57	139	16	31	10	3	2	18	8	45	1	0	.223	.381	.268	.650
"Conger, Hank"	C	LAA	80	231	24	51	12	0	4	25	22	57	0	2	.221	.325	.293	.618
"Conrad, Brooks"	2B	SD	13	30	2	3	1	0	1	2	3	14	0	0	.100	.233	.176	.410
"Constanza, Jose"	OF	ATL	12	4	1	0	0	0	0	0	0	1	0	0	.000	.000	.000	.000
"Corporan, Carlos"	C	HOU	55	170	22	40	6	0	6	19	14	37	0	0	.235	.376	.302	.678
"Cowgill, Collin"	OF	LAA	106	260	37	65	10	1	5	21	26	74	4	0	.250	.354	.330	.684
"Cozart, Zack"	SS	CIN	147	506	48	112	18	5	4	38	25	79	7	0	.221	.300	.268	.568
"Craig, Allen"	OF/1B	BOS	126	461	41	99	20	1	8	46	35	113	2	1	.215	.315	.279	.594
"Crawford, Brandon"	SS	SF	154	493	54	122	20	10	10	69	59	129	5	3	.247	.389	.324	.714
"Crawford, Carl"	OF	LAD	105	343	56	103	14	3	8	46	16	55	23	6	.300	.429	.339	.767
"Crisp, Coco"	OF	OAK	126	463	68	114	21	3	9	47	66	66	19	5	.246	.363	.336	.699
"Cron, C.J."	DH/1B	LAA	79	242	28	62	12	1	11	37	10	61	0	0	.256	.450	.289	.739
"Cruz, Nelson"	DH/OF	BAL	159	613	87	166	32	2	40	108	55	140	4	5	.271	.525	.333	.859
"Cruz, Tony"	C	STL	50	135	11	27	5	0	1	17	13	28	0	3	.200	.259	.270	.530
"Cuddyer, Michael"	OF	COL	49	190	32	63	15	1	10	31	14	30	3	0	.332	.579	.376	.955
"Culberson, Charlie"	3B/2B/SS	COL	95	210	17	41	7	2	3	24	12	62	2	2	.195	.290	.253	.544
"Danks, Jordan"	OF	CHW	51	117	14	26	2	0	2	10	14	46	5	3	.222	.291	.303	.594
"d'Arnaud, Chase"	SS	PIT	8	0	2	0	0	0	0	0	0	0	0	2	.000	.000	.000	.000
"d'Arnaud, Travis"	C	NYM	108	385	48	93	22	3	13	41	32	64	1	0	.242	.416	.302	.718
"Davis, Chris"	1B/3B	BAL	127	450	65	88	16	0	26	72	60	173	2	1	.196	.404	.300	.704
"Davis, Ike"	1B	PIT	143	360	43	84	19	0	11	51	63	78	0	4	.233	.378	.344	.722
"Davis, Khris"	OF	MIL	144	501	70	122	37	2	22	69	32	122	4	1	.244	.457	.299	.756
"Davis, Rajai"	OF	DET	134	461	64	130	27	2	8	51	22	75	36	11	.282	.401	.320	.721
"De Aza, Alejandro"	OF	BAL	142	477	56	120	24	8	8	41	39	119	17	10	.252	.386	.314	.700
"Decker, Jaff"	OF	PIT	5	5	0	0	0	0	0	0	0	3	0	0	.000	.000	.000	.000
"DeJesus, David"	DH	TB	83	238	24	59	15	2	6	19	30	43	0	3	.248	.403	.344	.748
"den Dekker, Matt"	OF	BAL	53	152	23	38	11	0	0	7	21	34	7	4	.250	.322	.345	.667
"Denorfia, Chris"	OF	SEA	121	330	36	76	12	4	3	21	25	70	9	3	.230	.318	.284	.602
"Descalso, Daniel"	2B	STL	103	161	20	39	11	0	0	10	20	33	1	3	.242	.311	.333	.644
"Desmond, Ian"	SS	WSH	154	593	73	151	26	3	24	91	46	183	24	5	.255	.430	.313	.743
"Diaz, Jonathan"	SS	FA	23	38	3	6	1	0	0	4	3	14	1	0	.158	.184	.256	.440
"Dickerson, Chris"	OF	FA	41	98	12	22	4	0	2	6	12	38	3	0	.224	.327	.309	.636
"Dickerson, Corey"	OF	COL	131	436	74	136	27	6	24	76	37	101	8	7	.312	.567	.364	.931
"Dietrich, Derek"	2B	MIA	49	158	31	36	6	2	5	17	13	38	1	0	.228	.386	.326	.712
"Dobbs, Greg"	1B	FA	36	41	0	7	1	0	0	2	1	8	0	0	.171	.195	.186	.381
"Dominguez, Chris"	OF	SF	8	17	1	1	0	0	1	2	1	4	0	0	.059	.235	.111	.346
"Dominguez, Matt"	3B	HOU	157	564	51	121	17	0	16	57	29	125	0	1	.215	.330	.256	.586
"Donaldson, Josh"	3B	OAK	158	608	93	155	31	2	29	98	76	130	8	0	.255	.456	.342	.798
"Doumit, Ryan"	OF	ATL	100	157	11	31	4	0	5	17	7	49	1	0	.197	.318	.235	.553
"Dozier, Brian"	2B	MIN	156	598	112	145	33	1	23	71	89	129	21	7	.242	.416	.345	.762
"Drew, Stephen"	SS/2B	NYY	85	271	18	44	14	1	7	26	27	75	1	1	.162	.299	.237	.536
"Duda, Lucas"	1B	NYM	153	514	74	130	27	0	30	92	69	135	3	2	.253	.481	.349	.830
"Duffy, Matt"	2B	SF	34	60	5	16	2	0	0	8	1	14	0	1	.267	.300	.302	.602
"Dunn, Adam"	DH/1B	FA	130	425	49	94	18	0	22	64	71	159	1	1	.221	.419	.339	.758
"Duvall, Adam"	1B	SF	29	75	8	14	2	0	3	5	3	20	0	0	.187	.333	.228	.561
"Dyson, Jarrod"	OF	KC	120	260	33	70	4	4	1	24	22	52	36	7	.269	.327	.324	.651
"Eaton, Adam"	OF	CHW	123	486	76	146	26	10	1	35	43	83	15	9	.300	.401	.362	.763
"Ellis, A.J."	C	LAD	93	283	21	54	9	0	3	25	53	57	0	0	.191	.254	.323	.577
"Ellis, Mark"	2B	STL	73	178	15	32	6	0	0	12	14	38	4	1	.180	.213	.253	.466
"Ellsbury, Jacoby"	OF	NYY	149	575	71	156	27	5	16	70	49	93	39	5	.271	.419	.328	.747
"Elmore, Jake"	SS	CIN	5	11	0	2	0	0	0	0	1	4	0	0	.182	.182	.250	.432
"Encarnacion, Edwin"	1B/DH	TOR	128	477	75	128	27	2	34	98	62	82	2	0	.268	.547	.354	.901
"Escobar, Alcides"	SS	KC	163	582	74	166	34	5	3	50	23	85	32	6	.285	.376	.317	.693
"Escobar, Eduardo"	SS/3B	MIN	133	433	52	119	35	2	6	37	24	93	1	1	.275	.406	.315	.721
"Escobar, Yunel"	SS	TB	137	476	33	123	18	0	7	39	43	60	1	1	.258	.340	.324	.664
"Espinosa, Danny"	2B	WSH	114	333	31	73	14	3	8	27	18	122	8	1	.219	.351	.283	.634
"Ethier, Andre"	OF	LAD	130	341	29	85	17	6	4	42	31	74	2	2	.249	.370	.322	.691
"Evans, Nick"	1B	AZ	18	22	2	6	2	0	2	7	1	10	0	0	.273	.636	.304	.941
"Falu, Irving"	2B	MIL	22	30	0	3	0	0	0	1	4	5	1	0	.100	.100	.200	.300
"Federowicz, Tim"	C	LAD	23	71	2	8	3	0	1	5	3	18	0	0	.113	.197	.158	.355
"Fielder, Prince"	1B	TEX	42	150	19	37	8	0	3	16	25	24	0	0	.247	.360	.360	.720
"Figgins, Chone"	3B	FA	38	60	8	13	3	0	0	1	14	15	4	1	.217	.267	.373	.640
"Figueroa, Cole"	2B	TB	23	43	6	10	2	1	0	6	4	4	0	0	.233	.326	.286	.611
"Flaherty, Ryan"	3B/2B/SS	BAL	102	281	33	62	15	1	7	32	22	68	1	0	.221	.356	.288	.644
"Flores, Wilmer"	SS	NYM	78	259	28	64	13	1	6	29	12	31	1	0	.247	.375	.282	.657
"Florimon, Pedro"	SS	WSH	33	76	7	7	1	1	0	1	8	22	6	0	.092	.132	.179	.310
"Flowers, Tyler"	C	CHW	127	407	42	98	16	1	15	50	25	159	0	1	.241	.396	.297	.693
"Forsythe, Logan"	2B/DH	TB	110	301	32	67	12	1	6	26	25	71	2	0	.223	.329	.287	.616
"Fowler, Dexter"	OF	HOU	116	434	61	120	21	4	8	35	66	108	11	4	.276	.399	.375	.774
"Francisco, Juan"	3B/1B	TOR	106	287	40	63	16	2	16	43	27	116	0	2	.220	.456	.291	.747
"Franco, Maikel"	3B	PHI	16	56	5	10	2	0	0	5	1	13	0	0	.179	.214	.190	.404
"Francoeur, Jeff"	OF	SD	10	24	2	2	0	0	0	1	3	7	0	0	.083	.083	.179	.262
"Frandsen, Kevin"	OF	WSH	105	220	17	57	8	0	1	17	6	26	0	0	.259	.309	.299	.608
"Franklin, Nick"	2B	TB	28	81	7	13	2	1	1	6	6	32	2	0	.160	.247	.222	.469
"Frazier, Todd"	3B/1B	CIN	157	597	88	163	22	1	29	80	52	139	20	8	.273	.459	.336	.795
"Freeman, Freddie"	1B	ATL	162	607	93	175	43	4	18	78	90	145	3	4	.288	.461	.386	.847
"Freese, David"	3B	LAA	134	462	53	120	25	1	10	55	38	124	1	3	.260	.383	.321	.704
"Freiman, Nate"	1B	OAK	36	87	12	19	5	0	5	15	5	23	0	0	.218	.448	.269	.717
"Fryer, Eric"	C	MIN	28	75	11	16	4	0	1	5	5	15	1	0	.213	.307	.272	.578
"Fuld, Sam"	OF	OAK	113	351	40	84	16	4	4	36	43	63	21	4	.239	.342	.321	.663
"Furcal, Rafael"	2B	MIA	9	35	4	6	0	1	0	2	2	7	0	0	.171	.229	.216	.445
"Galvis, Freddy"	SS	PHI	43	119	14	21	3	1	4	12	8	30	1	0	.176	.319	.227	.546
"Garcia, Avisail"	OF	CHW	46	172	19	42	8	0	7	29	14	44	4	1	.244	.413	.305	.718
"Garcia, Greg"	2B	STL	14	14	2	2	1	0	0	1	1	6	0	0	.143	.214	.333	.548
"Garcia, Leury"	OF	CHW	73	145	13	24	3	0	1	6	5	48	11	1	.166	.207	.192	.399
"Gardner, Brett"	OF	NYY	148	555	87	142	25	8	17	58	56	134	21	5	.256	.422	.327	.749
"Gattis, Evan"	C	ATL	108	369	41	97	17	1	22	52	22	97	0	0	.263	.493	.317	.810
"Gennett, Scooter"	2B	MIL	137	440	55	127	31	3	9	54	22	67	6	3	.289	.434	.320	.754
"Gentry, Craig"	OF	OAK	94	232	38	59	6	1	0	12	17	44	20	2	.254	.289	.319	.608
"Getz, Chris"	2B	FA	10	25	1	4	1	0	0	0	1	4	2	0	.160	.200	.222	.422
"Giambi, Jason"	DH	CLE	26	60	3	8	2	0	2	5	9	12	0	0	.133	.267	.257	.524
"Giavotella, Johnny"	2B	KC	12	37	8	8	1	0	1	5	1	5	0	1	.216	.324	.268	.593
"Gillaspie, Conor"	3B	CHW	130	464	50	131	31	5	7	57	36	78	0	4	.282	.416	.336	.752
"Gillespie, Cole"	OF	FA	35	74	9	18	2	0	1	5	6	13	2	2	.243	.311	.300	.611
"Gimenez, Chris"	C	CLE	41	116	13	28	10	0	0	11	12	29	0	1	.241	.328	.313	.640
"Gindl, Caleb"	OF	MIL	8	19	0	3	0	0	0	0	4	5	0	0	.158	.158	.304	.462
"Glenn, Brad"	OF	TOR	6	15	0	1	0	0	0	0	1	5	0	0	.067	.067	.125	.192
"Goebbert, Jake"	1B	CLE	51	101	12	22	1	3	1	10	12	32	2	1	.218	.317	.313	.630
"Goins, Ryan"	2B	TOR	67	181	14	34	6	3	1	15	5	42	0	1	.188	.271	.209	.479
"Goldschmidt, Paul"	1B	AZ	109	406	75	122	39	1	19	69	64	110	9	3	.300	.542	.396	.938
"Gomes, Jonny"	OF	OAK	112	273	28	64	8	0	6	37	35	88	0	0	.234	.330	.327	.657
"Gomes, Yan"	C	CLE	136	490	63	139	25	3	21	74	24	120	0	0	.284	.476	.317	.793
"Gomez, Carlos"	OF	MIL	148	574	95	163	34	4	23	73	47	141	34	12	.284	.477	.356	.833
"Gomez, Hector"	SS	COL	15	20	2	3	1	0	0	1	1	9	0	0	.150	.200	.190	.390
"Gonzalez, Adrian"	1B	LAD	159	591	83	163	41	0	27	116	56	112	1	1	.276	.482	.335	.817
"Gonzalez, Alex"	SS	FA	9	30	4	5	0	1	0	2	2	4	0	0	.167	.233	.219	.452
"Gonzalez, Carlos"	OF	COL	70	260	35	62	15	1	11	38	19	70	3	0	.238	.431	.292	.723
"Gonzalez, Marwin"	SS	HOU	103	285	33	79	15	1	6	23	17	58	2	4	.277	.400	.327	.727
"Gordon, Alex"	OF	KC	157	566	88	152	34	1	20	76	65	126	12	3	.269	.438	.352	.791
"Gordon, Dee"	2B	LAD	148	609	92	176	24	12	2	34	31	107	64	19	.289	.378	.326	.704
"Gore, Terrance"	DH	KC	11	1	5	0	0	0	0	0	0	0	5	0	.000	.000	.500	.500
"Gose, Anthony"	OF	TOR	94	239	31	54	8	1	2	13	25	74	15	5	.226	.293	.311	.604
"Gosewisch, Tuffy"	C	AZ	41	129	6	29	8	0	1	7	3	24	0	0	.225	.310	.242	.553
"Gosselin, Philip"	2B	ATL	46	128	17	34	4	0	1	3	5	27	2	2	.266	.320	.304	.624
"Grandal, Yasmani"	C/1B	SD	128	377	47	85	19	1	15	49	58	115	3	0	.225	.401	.327	.728
"Granderson, Curtis"	OF	NYM	155	564	73	128	27	2	20	66	79	141	8	2	.227	.388	.326	.714
"Green, Grant"	OF	LAA	43	99	7	27	5	0	1	11	2	20	1	4	.273	.354	.282	.635
"Gregorius, Didi"	SS	AZ	80	270	35	61	9	5	6	27	22	52	3	0	.226	.363	.290	.653
"Grichuk, Randal"	OF	STL	47	110	11	27	6	1	3	8	5	31	0	2	.245	.400	.278	.678
"Grossman, Robbie"	OF	HOU	103	360	42	84	14	2	6	37	55	105	9	3	.233	.333	.337	.670
"Guerrero, Alexander"	OF	LAD	11	13	0	1	0	0	0	0	0	6	0	0	.077	.077	.077	.154
"Guyer, Brandon"	OF	TB	97	259	37	69	15	1	3	26	16	52	6	1	.266	.367	.334	.701
"Guzman, Jesus"	1B	FA	69	165	10	31	4	0	2	9	19	52	3	0	.188	.248	.272	.520
"Gwynn, Tony"	OF	LAD	80	105	14	16	2	1	0	3	15	23	3	0	.152	.190	.264	.455
"Gyorko, Jedd"	2B	SD	111	400	37	84	17	1	10	51	36	100	3	2	.210	.333	.280	.612
"Hague, Matt"	1B	TOR	3	2	0	0	0	0	0	0	0	1	0	0	.000	.000	.000	.000
"Hairston, Scott"	OF	WSH	61	77	6	16	4	0	1	8	4	26	0	0	.208	.299	.253	.552
"Hamilton, Billy"	OF	CIN	152	563	72	141	25	8	6	48	34	117	56	23	.250	.355	.292	.648
"Hamilton, Josh"	OF	LAA	89	338	43	89	21	0	10	44	32	108	3	3	.263	.414	.331	.745
"Hanigan, Ryan"	C	TB	84	225	18	49	9	0	5	34	31	39	1	0	.218	.324	.318	.642
"Hannahan, Jack"	1B	CIN	26	48	3	9	3	0	0	2	2	17	0	0	.188	.250	.220	.470
"Hardy, J.J."	SS	BAL	141	529	56	142	28	0	9	52	29	104	0	0	.268	.372	.309	.682
"Harper, Bryce"	OF	WSH	100	352	41	96	10	2	13	32	38	104	2	2	.273	.423	.344	.768
"Harrison, Josh"	3B/OF	PIT	144	526	78	168	40	7	13	54	22	82	18	7	.319	.496	.350	.846
"Hart, Corey"	DH	FA	68	232	17	47	9	0	6	21	16	59	2	0	.203	.319	.271	.590
"Hassan, Alex"	OF	BOS	3	8	1	1	0	0	0	0	1	5	0	0	.125	.125	.222	.347
"Hayes, Brett"	C	KC	27	52	3	7	1	0	1	2	1	12	0	0	.135	.212	.151	.362
"Headley, Chase"	3B	NYY	135	470	55	114	20	1	13	49	51	122	7	3	.243	.372	.328	.700
"Hechavarria, Adeiny"	SS	MIA	146	536	53	148	20	10	1	34	26	86	7	5	.276	.356	.308	.664
"Heisey, Chris"	OF	CIN	119	275	34	61	15	2	8	22	15	64	9	2	.222	.378	.265	.643
"Hernandez, Cesar"	3B	PHI	66	114	13	27	2	0	1	4	9	33	1	1	.237	.281	.290	.571
"Hernandez, Enrique"	OF	HOU	42	121	13	30	6	3	3	14	12	21	0	0	.248	.421	.321	.742
"Herrera, Dilson"	2B	NYM	18	59	6	13	0	1	3	11	7	17	0	0	.220	.407	.303	.710
"Herrera, Elian"	OF	MIL	69	135	14	37	7	1	0	5	3	36	4	1	.274	.341	.288	.629
"Herrera, Jonathan"	SS	BOS	42	90	10	21	1	2	0	9	7	24	1	3	.233	.289	.307	.596
"Herrmann, Chris"	OF	MIN	33	75	8	16	3	0	0	4	4	17	1	0	.213	.253	.253	.506
"Heyward, Jason"	OF	ATL	149	573	74	155	26	3	11	58	67	98	20	4	.271	.384	.351	.735
"Hicks, Aaron"	OF	MIN	69	186	22	40	8	0	1	18	36	56	4	3	.215	.274	.341	.615
"Hicks, Brandon"	2B	SF	71	204	27	33	6	1	8	22	32	77	0	1	.162	.319	.280	.599
"Hill, Aaron"	2B	AZ	133	501	52	122	26	3	10	60	28	92	4	3	.244	.367	.287	.654
"Hill, Koyie"	C	PHI	10	21	2	5	1	0	0	1	1	5	0	0	.238	.286	.273	.558
"Hoes, L.J."	OF	HOU	55	122	12	21	5	0	3	11	10	31	0	0	.172	.287	.230	.517
"Holaday, Bryan"	C	DET	62	156	14	36	5	1	0	15	8	37	1	1	.231	.276	.266	.542
"Holliday, Matt"	OF	STL	156	574	83	156	37	0	20	90	74	100	4	1	.272	.441	.370	.811
"Holt, Brock"	OF/3B	BOS	106	449	68	126	23	5	4	29	33	98	12	2	.281	.381	.331	.711
"Holt, Tyler"	OF	CLE	37	74	4	20	2	0	0	2	4	27	3	2	.270	.297	.316	.614
"Hosmer, Eric"	1B	KC	131	503	54	136	35	1	9	58	35	93	4	2	.270	.398	.318	.716
"Howard, Ryan"	1B	PHI	153	569	65	127	18	1	23	95	67	190	0	0	.223	.380	.310	.690
"Hundley, Nick"	C	BAL	83	218	18	53	7	0	6	22	10	63	1	0	.243	.358	.273	.631
"Hunter, Torii"	OF	DET	142	549	71	157	33	2	17	83	23	89	4	3	.286	.446	.319	.765
"Iannetta, Chris"	C	LAA	108	306	41	77	22	0	7	43	54	91	3	0	.252	.392	.373	.765
"Ibanez, Raul"	DH/OF	KC	90	246	23	41	8	3	5	26	33	59	3	2	.167	.285	.264	.549
"Inciarte, Ender"	OF	AZ	118	418	54	116	18	2	4	27	25	53	19	3	.278	.359	.318	.677
"Infante, Omar"	2B	KC	136	532	50	134	21	3	6	66	33	70	9	3	.252	.336	.294	.631
"Ishikawa, Travis"	1B	SF	62	107	9	27	4	1	3	18	9	34	0	0	.252	.393	.311	.703
"Izturis, Maicer"	2B	TOR	11	35	3	10	1	0	0	1	2	4	1	0	.286	.314	.324	.639
"Jackson, Austin"	OF	SEA	154	597	71	153	30	6	4	47	47	144	20	6	.256	.347	.308	.655
"Jackson, Brett"	OF	AZ	7	4	0	0	0	0	0	0	1	1	0	0	.000	.000	.200	.200
"Jaso, John"	C/DH	OAK	99	307	42	81	18	3	9	40	28	60	2	0	.264	.430	.337	.767
"Jay, Jon"	OF	STL	140	413	52	125	16	3	3	46	28	78	6	3	.303	.378	.372	.750
"Jennings, Desmond"	OF	TB	123	479	64	117	30	2	10	36	47	108	15	6	.244	.378	.319	.697
"Jeter, Derek"	SS	NYY	145	581	47	149	19	1	4	50	35	87	10	2	.256	.313	.304	.617
"Jimenez, Luis"	3B	LAA	18	37	3	6	2	0	0	2	0	13	0	0	.162	.216	.205	.421
"Johnson, Chris"	3B	ATL	153	582	43	153	27	0	10	58	23	159	6	0	.263	.361	.292	.653
"Johnson, Dan"	1B	FA	15	38	8	8	2	0	1	7	7	10	0	0	.211	.342	.333	.675
"Johnson, Elliot"	OF	CLE	7	19	1	2	2	0	0	0	0	7	0	0	.105	.211	.105	.316
"Johnson, Kelly"	3B/1B	BAL	106	265	29	57	14	2	7	27	29	71	2	2	.215	.362	.296	.659
"Johnson, Reed"	OF	MIA	113	187	24	44	15	0	2	25	1	37	0	1	.235	.348	.266	.614
"Jones, Adam"	OF	BAL	159	644	88	181	30	2	29	96	19	133	7	1	.281	.469	.311	.780
"Jones, Garrett"	1B	MIA	146	496	59	122	33	2	15	53	46	116	0	1	.246	.411	.309	.720
"Jones, James"	OF	SEA	108	312	46	78	9	5	0	9	12	67	27	1	.250	.311	.278	.589
"Joseph, Caleb"	C	BAL	82	246	22	51	9	0	9	28	17	69	0	1	.207	.354	.264	.618
"Joyce, Matt"	OF/DH	TB	140	418	51	106	23	2	9	52	62	111	2	5	.254	.383	.349	.732
"Kalish, Ryan"	OF	CHC	57	121	13	30	4	4	0	5	8	28	3	2	.248	.347	.295	.642
"Kawasaki, Munenori"	2B	TOR	82	240	31	62	7	1	0	17	22	49	1	0	.258	.296	.327	.623
"Kelly, Don"	3B/1B/OF	DET	95	163	24	40	5	1	0	7	20	29	6	1	.245	.288	.332	.620
"Kemp, Matt"	OF	LAD	150	541	77	155	38	3	25	89	52	145	8	5	.287	.506	.346	.852
"Kendrick, Howie"	2B	LAA	157	617	85	181	33	5	7	75	48	110	14	5	.293	.397	.347	.744
"Kiermaier, Kevin"	OF	TB	108	331	35	87	16	8	10	35	23	71	5	4	.263	.450	.315	.765
"Kieschnick, Roger"	OF	LAA	25	41	2	8	1	0	1	2	0	16	0	0	.195	.293	.195	.488
"Kinsler, Ian"	2B	DET	161	684	100	188	40	4	17	92	29	79	15	4	.275	.420	.307	.727
"Kipnis, Jason"	2B	CLE	130	505	62	120	25	1	6	41	50	101	22	3	.238	.327	.308	.634
"Kobernus, Jeff"	2B	WSH	4	6	2	0	0	0	0	0	1	1	0	0	.000	.000	.250	.250
"Konerko, Paul"	DH/1B	CHW	81	208	15	43	8	0	5	22	10	51	0	0	.207	.317	.254	.572
"Kottaras, George"	C	FA	18	30	4	7	0	0	3	5	6	16	0	0	.233	.533	.351	.885
"Kouzmanoff, Kevin"	3B	FA	13	47	8	17	6	0	2	10	2	7	0	0	.362	.617	.412	1.029
"Kozma, Pete"	SS	STL	14	23	4	7	3	0	0	0	3	4	0	0	.304	.435	.385	.819
"Kratz, Erik"	C	TOR	48	113	12	25	5	0	5	13	4	22	0	0	.221	.398	.246	.644
"Krauss, Marc"	1B/OF	HOU	67	186	16	36	6	0	6	21	21	54	0	0	.194	.323	.279	.601
"Kubel, Jason"	OF	FA	45	156	12	35	6	1	1	13	19	59	1	0	.224	.295	.313	.607
"La Stella, Tommy"	2B	ATL	93	319	22	80	16	1	1	31	36	40	2	1	.251	.317	.328	.644
"Lagares, Juan"	OF	NYM	116	416	46	117	24	3	4	47	20	87	13	4	.281	.382	.321	.703
"Laird, Gerald"	C	ATL	53	152	12	31	8	0	0	10	14	33	0	0	.204	.257	.275	.532
"Lake, Junior"	OF	CHC	108	308	30	65	10	3	9	25	14	110	7	3	.211	.351	.246	.597
"Lamb, Jake"	3B	AZ	37	126	15	29	4	1	4	11	6	37	1	1	.230	.373	.263	.636
"Lambo, Andrew"	OF	PIT	21	39	3	10	4	0	0	1	0	8	0	0	.256	.359	.256	.615
"LaRoche, Adam"	1B	WSH	140	494	73	128	19	0	26	92	82	108	3	0	.259	.455	.362	.817
"Lavarnway, Ryan"	1B	BOS	9	10	0	0	0	0	0	0	0	3	0	0	.000	.000	.000	.000
"Lawrie, Brett"	3B/2B	TOR	70	259	27	64	9	0	12	38	16	49	0	0	.247	.421	.301	.722
"LeMahieu, DJ"	2B	COL	149	494	59	132	15	5	5	42	33	97	10	10	.267	.348	.315	.663
"Leon, Sandy"	C	WSH	20	64	7	10	1	0	1	3	6	20	0	0	.156	.219	.229	.447
"Lind, Adam"	1B/DH	TOR	96	290	38	93	24	2	6	40	28	48	0	0	.321	.479	.381	.860
"Liriano, Rymer"	OF	SD	38	109	13	24	2	0	1	6	9	39	4	1	.220	.266	.289	.555
"Lobaton, Jose"	C	WSH	66	214	18	50	9	0	2	12	15	61	0	0	.234	.304	.287	.591
"Lombardozzi, Steve"	2B	BAL	20	73	6	21	1	1	0	2	0	14	1	0	.288	.329	.297	.626
"Loney, James"	1B	TB	155	600	59	174	27	0	9	69	41	80	4	0	.290	.380	.336	.716
"Longoria, Evan"	3B	TB	162	624	83	158	26	1	22	91	57	133	5	0	.253	.404	.320	.724
"Lopez, Rafael"	C	CHC	7	11	0	2	0	0	0	1	2	4	0	0	.182	.182	.286	.468
"Lough, David"	OF	BAL	112	174	31	43	6	3	4	16	15	33	8	5	.247	.385	.309	.694
"Lowrie, Jed"	SS	OAK	136	502	59	125	29	3	6	50	51	79	0	0	.249	.355	.321	.676
"Lucas, Ed"	2B	TEX	69	179	19	45	5	0	1	9	8	48	1	0	.251	.296	.283	.580
"Lucroy, Jonathan"	C	MIL	153	585	73	176	53	2	13	69	66	71	4	4	.301	.465	.373	.837
"Ludwick, Ryan"	OF	CIN	112	357	28	87	20	0	9	45	31	94	0	2	.244	.375	.308	.683
"Lutz, Donald"	OF/1B	CIN	28	51	2	9	4	0	0	1	3	19	0	0	.176	.255	.222	.477
"Machado, Manny"	3B	BAL	82	327	38	91	14	0	12	32	20	68	2	0	.278	.431	.324	.755
"Maldonado, Martin"	C	MIL	51	111	14	26	5	0	4	16	11	32	0	0	.234	.387	.320	.707
"Marisnick, Jake"	OF	HOU	65	221	21	55	8	0	3	19	8	67	11	3	.249	.326	.281	.607
"Markakis, Nick"	OF	BAL	155	642	81	177	27	1	14	50	62	84	4	2	.276	.386	.342	.729
"Marte, Alfredo"	OF	LAA	44	106	8	18	5	1	2	9	6	34	1	0	.170	.292	.221	.514
"Marte, Andy"	3B	PIT	6	16	1	3	0	0	1	3	0	3	0	0	.188	.375	.188	.563
"Marte, Starling"	OF	PIT	135	495	73	144	29	6	13	56	33	131	30	11	.291	.453	.356	.808
"Martin, Leonys"	OF	TEX	155	533	68	146	13	7	7	40	39	114	31	12	.274	.364	.325	.689
"Martin, Russell"	C	PIT	112	382	45	110	20	0	11	67	60	80	4	4	.288	.427	.402	.828
"Martinez, J.D."	OF	DET	123	441	57	139	30	3	23	76	30	126	6	3	.315	.553	.358	.912
"Martinez, Michael"	OF	PHI	26	39	2	5	1	0	0	2	4	13	0	0	.128	.154	.209	.363
"Martinez, Victor"	DH/1B	DET	151	561	87	188	33	0	32	103	70	42	3	2	.335	.565	.409	.974
"Mastroianni, Darin"	OF	FA	21	43	7	5	0	0	1	2	1	10	1	0	.116	.186	.136	.322
"Mathis, Jeff"	C	MIA	64	175	12	35	7	0	2	12	15	64	0	0	.200	.274	.263	.537
"Mauer, Joe"	1B	MIN	120	455	60	126	27	2	4	55	60	96	3	0	.277	.371	.361	.732
"Maxwell, Justin"	OF	FA	20	40	4	6	1	0	0	3	2	20	0	1	.150	.175	.222	.397
"Mayberry, John"	OF/1B	TOR	78	146	15	31	10	0	7	23	20	35	0	0	.212	.425	.310	.734
"Maybin, Cameron"	OF	SD	95	251	24	59	13	4	1	15	19	56	4	3	.235	.331	.290	.621
"McBride, Matt"	1B	COL	21	31	6	7	2	0	2	6	2	12	0	0	.226	.484	.294	.778
"McCann, Brian"	C	NYY	140	495	57	115	15	1	23	75	32	77	0	0	.232	.406	.286	.692
"McCann, James"	C	DET	9	12	2	3	1	0	0	0	0	2	1	0	.250	.333	.250	.583
"McCutchen, Andrew"	OF	PIT	146	548	89	172	38	6	25	83	84	115	18	3	.314	.542	.410	.952
"McDonald, John"	3B	LAA	95	76	4	13	2	0	0	5	7	18	1	1	.171	.197	.256	.453
"McGehee, Casey"	3B	MIA	160	616	56	177	29	1	4	76	67	102	4	2	.287	.357	.355	.712
"McKenry, Michael"	C	COL	57	168	23	53	9	0	8	22	22	42	0	3	.315	.512	.398	.910
"McLouth, Nate"	OF	WSH	79	139	10	24	6	0	1	7	16	35	4	1	.173	.237	.280	.517
"Medica, Tommy"	1B/OF	SD	102	240	31	56	11	2	9	27	14	75	6	1	.233	.408	.286	.694
"Mercer, Jordy"	SS	PIT	149	506	56	129	27	2	12	55	35	89	4	1	.255	.387	.305	.693
"Mesoraco, Devin"	C	CIN	114	384	54	105	25	0	25	80	41	103	1	3	.273	.534	.359	.893
"Middlebrooks, Will"	3B	BOS	63	215	14	41	10	0	2	19	15	70	1	1	.191	.265	.256	.522
"Miller, Brad"	SS	SEA	123	367	47	81	15	4	10	36	34	95	4	2	.221	.365	.288	.653
"Molina, Jose"	C	TB	80	225	4	40	2	0	0	10	14	55	3	0	.178	.187	.230	.417
"Molina, Yadier"	C	STL	110	404	40	114	21	0	7	38	28	55	1	1	.282	.386	.333	.719
"Montero, Jesus"	DH	SEA	6	17	1	4	0	0	1	2	0	3	0	0	.235	.412	.235	.647
"Montero, Miguel"	C	AZ	136	489	40	119	23	0	13	72	56	97	0	4	.243	.370	.329	.699
"Moore, Adam"	C	SD	9	10	1	2	1	0	0	1	2	5	0	0	.200	.300	.333	.633
"Moore, Tyler"	1B	WSH	42	91	8	21	2	0	4	14	7	29	0	0	.231	.385	.300	.685
"Morales, Kendrys"	DH/1B	SEA	98	367	28	80	20	0	8	42	27	68	0	0	.218	.338	.274	.612
"Morel, Brent"	3B	PIT	23	39	1	7	2	0	0	4	2	9	0	0	.179	.231	.220	.450
"Moreland, Mitch"	DH/1B	TEX	51	166	18	40	9	1	2	23	12	43	0	0	.241	.343	.293	.636
"Morgan, Nyjer"	OF	FA	15	41	8	14	1	0	1	6	7	6	3	0	.341	.439	.429	.868
"Morneau, Justin"	1B	COL	135	502	62	160	32	3	17	82	34	60	0	3	.319	.496	.364	.860
"Morrison, Logan"	1B	SEA	99	336	41	88	20	0	11	38	24	59	5	2	.262	.420	.315	.735
"Morse, Michael"	OF/1B	SF	132	440	48	122	32	3	16	61	31	123	0	0	.277	.473	.335	.807
"Moss, Brandon"	OF/1B	OAK	147	500	70	117	23	2	25	81	67	153	1	0	.234	.438	.334	.772
"Moustakas, Mike"	3B	KC	141	460	45	97	21	1	15	54	35	74	1	0	.211	.359	.269	.628
"Moya, Steven"	OF	DET	11	8	2	3	0	0	0	0	0	2	0	0	.375	.375	.375	.750
"Murphy, Daniel"	2B	NYM	143	596	79	172	37	2	9	57	39	86	13	5	.289	.403	.332	.734
"Murphy, David"	OF	CLE	129	416	40	109	25	1	8	58	36	61	2	3	.262	.385	.319	.703
"Murphy, Donnie"	2B	ATL	45	112	11	22	3	0	4	14	11	38	0	1	.196	.330	.268	.598
"Murphy, J.R."	C	NYY	32	81	7	23	4	0	1	9	4	22	0	0	.284	.370	.318	.688
"Myers, Wil"	OF	TB	87	325	37	72	14	0	6	35	34	90	6	1	.222	.320	.294	.614
"Nady, Xavier"	OF	FA	22	37	4	5	1	0	3	4	5	9	0	0	.135	.405	.238	.644
"Napoli, Mike"	1B	BOS	119	415	49	103	20	0	17	55	78	133	3	2	.248	.419	.370	.789
"Nava, Daniel"	OF	BOS	113	363	41	98	21	0	4	37	33	81	4	2	.270	.361	.346	.706
"Navarro, Dioner"	C/DH	TOR	139	481	40	132	22	0	12	69	32	76	3	0	.274	.395	.317	.712
"Navarro, Efren"	1B/OF	LAA	64	159	17	39	10	1	1	14	13	27	1	3	.245	.340	.302	.642
"Negron, Kris"	3B	CIN	49	144	19	39	10	1	6	17	12	40	5	0	.271	.479	.331	.810
"Nelson, Chris"	3B	SD	27	73	5	17	3	0	0	7	7	14	1	2	.233	.274	.296	.570
"Nieto, Adrian"	C	CHW	48	106	8	25	5	0	2	7	8	38	0	1	.236	.340	.296	.635
"Nieuwenhuis, Kirk"	OF	NYM	61	112	16	29	14	1	3	16	16	39	4	0	.259	.482	.346	.828
"Nieves, Wil"	C	PHI	36	122	9	31	8	0	1	7	1	34	1	0	.254	.344	.270	.614
"Nix, Jayson"	3B	KC	41	83	2	10	0	0	1	4	3	28	1	2	.120	.157	.169	.325
"Norris, Derek"	C	OAK	127	385	46	104	19	1	10	55	54	86	2	2	.270	.403	.361	.763
"Nunez, Eduardo"	SS/3B	MIN	72	204	26	51	7	4	4	24	5	31	9	3	.250	.382	.271	.654
"Odor, Rougned"	2B	TEX	114	386	39	100	14	7	9	48	17	71	4	7	.259	.402	.297	.698
"Olivo, Miguel"	C	FA	8	23	4	5	0	1	0	2	1	12	0	0	.217	.304	.240	.544
"Olt, Mike"	3B	CHC	89	225	23	36	8	0	12	33	25	100	0	1	.160	.356	.248	.604
"O'Malley, Shawn"	OF	TB	11	16	3	3	0	0	0	1	0	8	2	0	.188	.188	.188	.375
"Ortiz, David"	DH	BOS	142	518	59	136	27	0	35	104	75	95	0	0	.263	.517	.355	.873
"Overbay, Lyle"	1B	MIL	120	257	24	60	14	0	4	35	36	59	2	0	.233	.335	.329	.663
"Owings, Chris"	SS	AZ	91	310	34	81	15	6	6	26	16	67	8	1	.261	.406	.300	.706
"Ozuna, Marcell "	OF	MIA	153	565	72	152	26	5	23	85	41	164	3	1	.269	.455	.317	.772
"Pacheco, Jordan"	C	AZ	69	153	10	39	10	1	0	16	9	27	0	0	.255	.333	.299	.632
"Pagan, Angel"	OF	SF	97	386	56	117	22	2	3	27	25	53	16	6	.303	.394	.345	.738
"Pagnozzi, Matt"	C	FA	1	0	0	0	0	0	0	0	0	0	0	0	.000	.000	.000	.000
"Panik, Joe"	2B	SF	73	269	31	82	10	2	1	18	16	33	0	0	.305	.368	.343	.711
"Paredes, Jimmy"	3B	BAL	27	63	12	18	4	0	2	8	2	16	4	0	.286	.444	.308	.752
"Parker, Kyle"	OF	COL	18	26	1	5	1	0	0	1	0	14	0	0	.192	.231	.192	.423
"Parmelee, Chris"	OF/1B	MIN	87	250	27	64	11	0	7	28	17	64	0	3	.256	.384	.307	.691
"Parra, Gerardo"	OF	MIL	150	529	64	138	22	4	9	40	32	100	9	7	.261	.369	.308	.677
"Parrino, Andy"	SS	OAK	21	46	4	7	3	0	1	3	3	14	0	0	.152	.283	.216	.498
"Pastornicky, Tyler"	2B	ATL	28	40	4	8	0	1	0	2	6	11	0	1	.200	.250	.304	.554
"Paul, Xavier"	OF	AZ	14	20	2	2	0	0	0	0	1	8	0	0	.100	.100	.143	.243
"Paulsen, Ben"	1B	COL	31	63	8	20	4	0	4	10	2	19	0	0	.317	.571	.348	.920
"Pearce, Steve"	1B/OF	BAL	102	338	51	99	26	0	21	49	40	76	5	0	.293	.556	.373	.930
"Pederson, Joc"	OF	LAD	18	28	1	4	0	0	0	0	9	11	0	0	.143	.143	.351	.494
"Pedroia, Dustin"	2B	BOS	135	551	72	153	33	0	7	53	51	75	6	6	.278	.376	.337	.712
"Peguero, Carlos"	OF	KC	4	9	1	2	1	0	0	1	1	5	0	0	.222	.333	.300	.633
"Pena, Brayan"	1B/C	CIN	115	348	23	88	18	1	5	26	20	42	2	3	.253	.353	.291	.645
"Pena, Carlos"	1B	FA	18	59	4	8	3	0	1	2	4	11	1	0	.136	.237	.190	.428
"Pena, Francisco"	C	KC	1	0	0	0	0	0	0	0	0	0	0	0	.000	.000	.000	.000
"Pena, Ramiro"	2B	ATL	81	147	9	36	6	0	3	9	13	38	1	0	.245	.347	.304	.651
"Pence, Hunter"	OF	SF	163	653	106	181	30	10	20	74	52	130	13	6	.277	.446	.332	.778
"Pennington, Cliff"	SS	AZ	68	177	21	45	5	3	2	10	20	36	6	1	.254	.350	.340	.690
"Peralta, David"	OF	AZ	31	115	11	28	1	4	3	8	6	27	2	1	.243	.400	.279	.679
"Peralta, Jhonny"	SS	STL	157	560	61	147	38	0	21	75	58	112	3	2	.263	.443	.336	.779
"Perez, Audry"	C	STL	1	0	0	0	0	0	0	0	1	0	0	0	.000	.000	.000	.000
"Perez, Eury"	OF	NYY	4	10	2	2	0	0	0	0	0	3	1	0	.200	.200	.200	.400
"Perez, Hernan"	2B	DET	8	5	1	1	0	0	0	0	1	1	0	0	.200	.200	.333	.533
"Perez, Juan"	OF	SF	61	100	13	17	7	0	1	3	5	25	0	1	.170	.270	.224	.494
"Perez, Roberto"	C	CLE	30	89	11	23	5	0	1	4	6	28	0	0	.258	.348	.305	.654
"Perez, Salvador"	C	KC	151	582	57	151	28	2	17	70	22	85	1	0	.259	.402	.289	.691
"Peterson, Jace"	2B	SD	27	53	3	6	0	0	0	0	2	18	2	0	.113	.113	.161	.274
"Petit, Gregorio"	SS	HOU	37	97	14	27	8	0	2	9	1	25	0	1	.278	.423	.300	.723
"Pham, Thomas"	OF	STL	6	2	0	0	0	0	0	0	0	2	0	0	.000	.000	.000	.000
"Phegley, Josh"	C	CHW	11	37	4	8	2	0	3	7	0	11	0	0	.216	.514	.211	.724
"Phelps, Cord"	2B	BAL	3	3	0	0	0	0	0	0	0	0	0	0	.000	.000	.000	.000
"Phillips, Brandon"	2B	CIN	121	462	44	123	25	0	8	51	23	74	2	3	.266	.372	.306	.678
"Pierzynski, A.J."	C	STL	102	338	25	85	12	1	5	37	14	54	0	1	.251	.337	.288	.625
"Pillar, Kevin"	OF	TOR	53	116	19	31	9	0	2	7	4	28	1	2	.267	.397	.295	.692
"Pinto, Josmil"	C/DH	MIN	57	169	25	37	8	0	7	18	24	50	0	1	.219	.391	.315	.705
"Pirela, Jose"	2B	NYY	7	24	6	8	1	2	0	3	1	4	0	0	.333	.542	.360	.902
"Plouffe, Trevor"	3B	MIN	136	520	69	134	40	2	14	80	53	109	2	1	.258	.423	.328	.751
"Polanco, Gregory"	OF	PIT	89	277	50	65	9	0	7	33	30	59	14	5	.235	.343	.307	.650
"Polanco, Jorge"	SS	MIN	5	6	2	2	1	1	0	3	2	2	0	0	.333	.833	.500	1.333
"Pollock, A.J."	OF	AZ	75	265	41	80	19	6	7	24	19	46	14	3	.302	.498	.353	.851
"Pompey, Dalton"	OF	TOR	17	39	5	9	1	2	1	4	4	12	1	0	.231	.436	.302	.738
"Posey, Buster"	C/1B	SF	148	550	72	170	28	2	22	89	47	69	0	1	.309	.487	.362	.849
"Prado, Martin"	3B/2B	NYY	143	536	62	151	26	4	12	58	26	80	3	1	.282	.412	.321	.733
"Presley, Alex"	OF	HOU	89	254	22	62	6	1	6	19	13	44	5	1	.244	.346	.281	.628
"Pridie, Jason"	OF	FA	2	4	1	0	0	0	0	0	0	2	0	0	.000	.000	.000	.000
"Puig, Yasiel"	OF	LAD	148	558	92	165	37	9	16	69	67	124	11	7	.296	.480	.382	.863
"Pujols, Albert"	1B/DH	LAA	159	633	89	172	37	1	28	105	48	71	5	1	.272	.466	.324	.790
"Punto, Nick"	2B	OAK	73	198	21	41	7	2	2	14	25	56	3	1	.207	.293	.296	.589
"Quentin, Carlos"	OF	SD	50	130	9	23	6	0	4	18	17	33	0	0	.177	.315	.284	.599
"Quintanilla, Omar"	SS	FA	15	29	2	6	1	0	0	3	2	5	0	0	.207	.241	.258	.499
"Quintero, Humberto"	C	SEA	3	2	0	0	0	0	0	1	0	1	0	0	.000	.000	.000	.000
"Quiroz, Guillermo"	C	SF	2	3	0	0	0	0	0	0	0	0	0	0	.000	.000	.000	.000
"Raburn, Ryan"	OF/DH	CLE	74	195	18	39	7	0	4	22	13	51	0	0	.200	.297	.250	.547
"Ramirez, Alexei"	SS	CHW	158	622	82	170	35	2	15	74	24	81	21	4	.273	.408	.305	.713
"Ramirez, Aramis"	3B	MIL	133	494	47	141	23	1	15	66	21	75	3	0	.285	.427	.330	.757
"Ramirez, Hanley"	SS	LAD	128	449	64	127	35	0	13	71	56	84	14	5	.283	.448	.369	.817
"Ramirez, Jose"	SS	CLE	69	241	27	63	10	2	2	17	14	36	10	1	.261	.344	.302	.647
"Ramos, Wilson"	C	WSH	88	341	32	91	12	0	11	47	17	57	0	0	.267	.399	.299	.698
"Rasmus, Colby"	OF	TOR	104	346	45	78	21	1	18	40	29	124	4	0	.225	.448	.287	.735
"Realmuto, J.T."	C	MIA	11	29	4	7	1	1	0	9	1	8	0	0	.241	.345	.267	.611
"Recker, Anthony"	C	NYM	58	174	18	35	9	0	7	27	10	64	1	1	.201	.374	.246	.620
"Reddick, Josh"	OF	OAK	109	363	53	96	16	7	12	54	28	63	1	1	.264	.446	.316	.763
"Reimold, Nolan"	OF	FA	29	69	5	16	5	0	3	13	6	32	1	0	.232	.435	.282	.717
"Rendon, Anthony"	3B/2B	WSH	153	613	111	176	39	6	21	83	58	104	17	3	.287	.473	.351	.824
"Revere, Ben"	OF	PHI	151	601	71	184	13	7	2	28	13	49	49	8	.306	.361	.325	.686
"Reyes, Jose"	SS	TOR	143	610	94	175	33	4	9	51	38	73	30	2	.287	.398	.328	.726
"Reynolds, Mark"	1B/3B	MIL	130	378	47	74	9	0	22	45	47	122	5	1	.196	.394	.287	.681
"Richardson, Antoan"	OF	NYY	13	16	2	5	0	0	0	1	1	3	5	0	.313	.313	.353	.665
"Rios, Alex"	OF	TEX	131	492	54	138	30	8	4	54	23	93	17	9	.280	.398	.311	.709
"Rivera, Rene"	C	SD	103	294	27	74	18	1	11	44	27	76	0	0	.252	.432	.319	.751
"Rivero, Carlos"	3B	WSH	4	7	1	4	2	0	1	3	1	0	0	0	.571	1.286	.625	1.911
"Rizzo, Anthony"	1B	CHC	141	526	90	152	29	1	33	80	73	116	5	4	.289	.536	.388	.924
"Roberts, Brian"	2B	FA	91	317	40	75	16	4	5	21	28	53	7	4	.237	.360	.300	.659
"Roberts, Ryan"	3B	BOS	8	19	1	2	0	0	0	0	3	7	0	0	.105	.105	.227	.333
"Robertson, Dan"	OF	TEX	70	177	23	48	9	1	0	21	17	28	6	4	.271	.333	.333	.667
"Robinson, Clint"	1B	LAD	9	9	3	3	0	0	0	2	1	1	0	0	.333	.333	.400	.733
"Robinson, Shane"	OF	STL	47	60	3	9	1	1	0	4	6	10	0	1	.150	.200	.227	.427
"Rodriguez, Guilder"	3B	TEX	7	12	2	2	0	0	0	1	1	5	0	0	.167	.167	.231	.397
"Rodriguez, Sean"	2B/DH	TB	96	237	30	50	13	3	12	41	10	66	2	1	.211	.443	.258	.701
"Rodriguez, Yorman"	OF	CIN	11	27	3	6	0	0	0	2	1	12	0	1	.222	.222	.276	.498
"Rogers, Jason"	1B	MIL	8	9	0	1	1	0	0	0	1	1	0	0	.111	.222	.200	.422
"Rojas, Miguel"	SS	CIN	85	149	16	27	3	0	1	9	10	28	0	0	.181	.221	.242	.464
"Rollins, Jimmy"	SS	PHI	138	538	78	131	22	4	17	55	64	100	28	6	.243	.394	.323	.717
"Romak, Jamie"	OF	KC	15	21	2	1	1	0	0	3	2	8	0	0	.048	.095	.130	.226
"Romero, Stefen"	OF	SEA	72	177	19	34	6	2	3	11	4	48	0	4	.192	.299	.234	.533
"Romine, Andrew"	SS	DET	93	250	30	57	6	0	2	12	18	60	12	2	.228	.276	.280	.556
"Romine, Austin"	C	NYY	7	13	2	3	1	0	0	1	0	4	0	0	.231	.308	.231	.538
"Rosales, Adam"	1B	TEX	56	164	20	43	7	0	4	19	13	42	4	2	.262	.378	.328	.706
"Rosario, Wilin"	C	COL	106	382	46	102	25	0	13	54	23	70	1	0	.267	.435	.305	.739
"Ross, Cody"	OF	AZ	83	202	15	51	8	0	2	15	15	44	0	0	.252	.322	.306	.628
"Ross, David"	C	BOS	50	152	16	28	7	0	7	15	16	58	0	1	.184	.368	.260	.629
"Rua, Ryan"	OF	TEX	28	105	11	31	7	0	2	14	2	18	1	0	.295	.419	.321	.740
"Ruf, Darin"	1B	PHI	52	102	13	24	8	0	3	8	8	32	0	0	.235	.402	.310	.712
"Ruggiano, Justin"	OF	CHC	81	224	29	63	13	1	6	28	18	70	2	4	.281	.429	.337	.766
"Ruiz, Carlos"	C	PHI	110	381	43	96	25	1	6	31	46	60	4	2	.252	.370	.347	.717
"Rupp, Cameron"	C	PHI	18	60	4	11	4	0	0	6	4	20	0	0	.183	.250	.234	.484
"Rutledge, Josh"	SS	COL	105	309	44	83	16	7	4	33	20	83	2	3	.269	.405	.323	.728
"Ryan, Brendan"	SS	NYY	49	114	5	19	4	0	0	8	4	30	0	2	.167	.202	.211	.413
"Saltalamacchia, Jarrod"	C	MIA	114	373	43	82	20	0	11	44	55	143	0	1	.220	.362	.320	.681
"Sanchez, Carlos"	2B	CHW	28	100	6	25	5	0	0	5	3	25	1	1	.250	.300	.269	.569
"Sanchez, Gaby"	1B	PIT	123	262	31	60	18	1	7	33	23	58	2	0	.229	.385	.293	.679
"Sanchez, Hector"	C	SF	66	163	8	32	8	0	3	28	8	55	0	1	.196	.301	.237	.538
"Sanchez, Tony"	C	PIT	26	75	3	20	1	0	2	13	3	28	0	0	.267	.360	.300	.660
"Sandoval, Pablo"	3B	SF	158	590	68	164	26	3	16	73	39	85	0	0	.278	.414	.323	.737
"Sands, Jerry"	DH	TB	12	21	1	4	0	0	1	4	0	6	0	0	.190	.333	.227	.561
"Santana, Carlos"	1B/3B/DH	CLE	153	546	68	126	25	0	27	85	113	125	5	2	.231	.425	.364	.789
"Santana, Danny"	OF/SS	MIN	101	405	70	129	27	7	7	40	19	98	20	4	.319	.472	.353	.824
"Santana, Domingo"	OF	HOU	6	17	1	0	0	0	0	0	1	14	0	0	.000	.000	.056	.056
"Santiago, Ramon"	3B/2B/SS	CIN	75	179	20	44	8	0	2	17	24	38	2	1	.246	.324	.343	.667
"Sardinas, Luis"	2B	TEX	43	115	12	30	6	0	0	8	5	21	5	1	.261	.313	.303	.616
"Satin, Josh"	1B	NYM	25	35	2	3	2	0	0	3	6	14	0	0	.086	.143	.256	.399
"Saunders, Michael"	OF	SEA	78	231	38	63	11	3	8	34	26	59	4	5	.273	.450	.341	.791
"Schafer, Jordan"	OF	MIN	104	210	26	50	9	1	1	15	22	48	30	7	.238	.305	.310	.615
"Schafer, Logan"	OF	MIL	65	116	13	21	9	1	0	8	15	27	2	1	.181	.276	.278	.554
"Schierholtz, Nate"	OF	WSH	122	353	32	69	11	4	7	37	20	84	4	5	.195	.309	.243	.552
"Schoop, Jonathan"	2B	BAL	137	455	48	95	18	0	16	45	13	122	2	0	.209	.354	.244	.598
"Schumaker, Skip"	OF	CIN	82	244	22	57	12	0	2	22	18	50	2	1	.234	.307	.287	.594
"Scruggs, Xavier"	1B	STL	9	15	0	3	1	0	0	2	2	7	0	0	.200	.267	.333	.600
"Scutaro, Marco"	2B	SF	5	11	1	1	0	0	0	0	1	3	0	0	.091	.091	.167	.258
"Seager, Kyle"	3B	SEA	159	590	71	158	27	4	25	96	52	118	7	5	.268	.454	.334	.788
"Segura, Jean"	SS	MIL	146	513	61	126	14	6	5	31	28	70	20	9	.246	.326	.289	.614
"Sellers, Justin"	2B	CLE	17	16	1	3	0	0	0	0	3	4	0	1	.188	.188	.316	.503
"Semien, Marcus"	3B/2B	CHW	64	231	30	54	10	2	6	28	21	70	3	0	.234	.372	.300	.673
"Shuck, J.B."	OF	CLE	38	110	12	16	1	0	2	9	3	12	2	0	.145	.209	.168	.377
"Sierra, Moises"	OF	CHW	96	161	22	37	8	2	2	9	8	43	3	1	.230	.342	.265	.606
"Simmons, Andrelton"	SS	ATL	146	540	44	132	18	4	7	46	32	60	4	5	.244	.331	.286	.617
"Singleton, Jonathan"	1B	HOU	95	310	42	52	13	0	13	44	50	134	2	3	.168	.335	.285	.620
"Sizemore, Grady"	OF	PHI	112	347	35	81	19	4	5	27	33	76	6	1	.233	.354	.299	.654
"Sizemore, Scott"	3B	NYY	6	16	3	5	2	0	0	4	0	8	0	0	.313	.438	.313	.750
"Smith, Seth"	OF	SD	136	443	55	118	31	5	12	48	69	87	1	1	.266	.440	.367	.807
"Smoak, Justin"	1B	SEA	80	248	28	50	13	0	7	30	24	66	0	1	.202	.339	.275	.614
"Smolinski, Jake"	OF	MIA	24	86	12	30	5	0	3	12	3	24	0	0	.349	.512	.391	.903
"Snider, Travis"	OF	PIT	139	321	37	85	15	1	13	38	34	67	1	1	.265	.439	.339	.778
"Snyder, Brad"	1B	FA	10	30	3	5	1	0	2	3	4	10	0	0	.167	.400	.265	.665
"Sogard, Eric"	2B	OAK	117	291	38	65	10	0	1	22	31	37	11	4	.223	.268	.298	.567
"Solano, Donovan"	2B	MIA	111	310	26	78	11	1	3	28	19	61	1	2	.252	.323	.300	.623
"Solarte, Yangervis"	3B/2B	SD	131	469	56	122	19	1	10	48	53	58	0	1	.260	.369	.336	.705
"Soler, Jorge"	OF	CHC	24	89	11	26	8	1	5	20	6	24	1	0	.292	.573	.330	.903
"Solis, Ali"	C	TB	8	6	0	0	0	0	0	1	0	4	0	0	.000	.000	.000	.000
"Soriano, Alfonso"	OF/DH	FA	67	226	22	50	15	0	6	23	6	71	1	0	.221	.367	.244	.611
"Soto, Geovany"	C	OAK	24	80	8	20	6	0	1	11	6	19	0	0	.250	.363	.302	.665
"Soto, Neftali"	1B	CIN	21	30	1	3	1	0	0	1	0	8	1	0	.100	.133	.097	.230
"Souza, Steven"	OF	WSH	21	23	2	3	0	0	2	2	3	7	0	0	.130	.391	.231	.622
"Span, Denard"	OF	WSH	147	610	94	184	39	8	5	37	50	65	31	7	.302	.416	.355	.771
"Spangenberg, Cory"	3B	SD	20	62	7	18	2	1	2	9	2	14	4	2	.290	.452	.313	.764
"Springer, George"	OF	HOU	78	295	45	68	8	1	20	51	39	114	5	2	.231	.468	.336	.804
"Stanton, Giancarlo"	OF	MIA	145	539	89	155	31	1	37	105	94	170	13	1	.288	.555	.395	.950
"Stassi, Max"	C	HOU	7	20	2	7	2	0	0	4	0	6	0	0	.350	.450	.350	.800
"Stewart, Chris"	C	PIT	49	136	9	40	4	1	0	10	12	27	0	1	.294	.338	.362	.700
"Stewart, Ian"	3B	FA	24	68	8	12	2	3	2	7	3	31	1	0	.176	.382	.222	.605
"Stubbs, Drew"	OF	COL	132	388	67	112	22	4	15	43	30	136	20	3	.289	.482	.339	.821
"Suarez, Eugenio"	SS	DET	85	244	33	59	9	1	4	23	22	67	3	2	.242	.336	.316	.652
"Sucre, Jesus"	C	SEA	21	61	4	13	2	0	0	5	0	17	0	0	.213	.246	.213	.459
"Susac, Andrew"	C	SF	35	88	13	24	8	0	3	19	7	28	0	0	.273	.466	.326	.792
"Suzuki, Ichiro"	OF	NYY	143	359	42	102	13	2	1	22	21	68	15	3	.284	.340	.324	.664
"Suzuki, Kurt"	C	MIN	131	452	37	130	34	0	3	61	34	46	0	1	.288	.383	.345	.727
"Sweeney, Ryan"	OF	CHC	78	208	22	52	9	0	3	20	16	34	0	0	.250	.337	.305	.642
"Swisher, Nick"	1B/DH	CLE	97	360	33	75	20	0	8	42	36	111	0	0	.208	.331	.278	.608
"Szczur, Matt"	OF	CHC	33	62	6	14	2	0	2	5	4	11	0	0	.226	.355	.273	.628
"Tabata, Jose"	OF	PIT	80	174	14	49	5	2	0	17	7	26	1	2	.282	.333	.314	.647
"Taveras, Oscar"	OF	STL	80	234	18	56	8	0	3	22	12	37	0	1	.239	.312	.278	.590
"Taylor, Chris"	SS	SEA	47	136	16	39	8	0	0	9	11	39	5	2	.287	.346	.347	.692
"Taylor, Michael"	OF	CHW	11	28	3	7	1	0	0	0	5	9	0	0	.250	.286	.364	.649
"Taylor, Michael"	OF	WSH	17	39	5	8	3	0	1	5	3	17	0	2	.205	.359	.279	.638
"Teagarden, Taylor"	C	FA	9	28	1	4	0	0	1	5	2	7	0	0	.143	.250	.200	.450
"Teixeira, Mark"	1B	NYY	123	440	56	95	14	0	22	62	58	109	1	1	.216	.398	.313	.711
"Tejada, Ruben"	SS	NYM	119	355	30	84	11	0	5	34	50	73	1	2	.237	.310	.342	.652
"Telis, Tomas"	C	TEX	18	68	7	17	2	0	0	8	1	10	0	0	.250	.279	.271	.551
"Terdoslavich, Joey"	OF/1B	ATL	9	10	1	3	2	0	0	2	0	3	0	0	.300	.500	.364	.864
"Thole, Josh"	C	TOR	57	133	11	33	4	0	0	7	14	25	0	3	.248	.278	.320	.598
"Tolleson, Steve"	2B/3B	BAL	107	169	20	42	7	2	3	16	12	49	3	1	.249	.367	.304	.671
"Tovar, Wilfredo"	SS	NYM	2	3	0	0	0	0	0	0	0	0	0	0	.000	.000	.000	.000
"Triunfel, Carlos"	SS	LAD	12	15	3	2	0	0	1	1	1	5	0	0	.133	.333	.188	.521
"Trout, Mike"	OF	LAA	157	602	115	173	39	9	36	111	83	184	16	2	.287	.561	.377	.939
"Trumbo, Mark"	1B/OF	AZ	88	328	37	77	15	1	14	61	28	89	2	3	.235	.415	.293	.707
"Tulowitzki, Troy"	SS	COL	91	315	71	107	18	1	21	52	50	57	1	1	.340	.603	.432	1.035
"Turner, Justin"	3B	LAD	109	288	46	98	21	1	7	43	28	58	6	1	.340	.493	.404	.897
"Uggla, Dan"	2B	FA	52	141	14	21	3	0	2	10	11	46	0	0	.149	.213	.229	.442
"Upton, B.J."	OF	ATL	141	519	67	108	19	5	12	35	57	173	20	7	.208	.333	.287	.620
"Upton, Justin"	OF	ATL	154	566	77	153	34	2	29	102	60	171	8	4	.270	.491	.342	.833
"Uribe, Juan"	3B	LAD	103	386	36	120	23	0	9	54	15	77	0	1	.311	.440	.337	.777
"Utley, Chase"	2B	PHI	155	589	74	159	36	6	11	78	53	85	10	1	.270	.407	.339	.746
"Valaika, Chris"	1B	CHC	44	121	10	28	4	0	3	13	7	35	1	0	.231	.339	.282	.621
"Valbuena, Luis"	3B/2B	CHC	151	483	70	120	34	4	16	51	67	114	1	2	.248	.435	.342	.777
"Valdespin, Jordany"	2B	MIA	52	98	8	21	2	1	3	10	9	16	1	0	.214	.347	.280	.627
"Valencia, Danny"	3B/1B	TOR	86	264	20	68	16	1	4	30	14	62	1	1	.258	.371	.296	.667
"Van Slyke, Scott"	OF/1B	LAD	98	212	32	63	13	1	11	29	28	71	4	2	.297	.524	.386	.910
"Vargas, Kennys"	DH	MIN	53	215	26	59	10	1	9	38	12	63	0	0	.274	.456	.316	.772
"Vazquez, Christian"	C	BOS	55	175	15	42	9	0	1	20	19	33	0	0	.240	.309	.308	.617
"Venable, Will"	OF	SD	146	406	47	91	13	2	8	33	33	107	11	6	.224	.325	.288	.613
"Viciedo, Dayan"	OF	CHW	145	523	65	121	22	3	21	58	32	122	0	1	.231	.405	.281	.686
"Victorino, Shane"	OF	BOS	30	123	14	33	6	1	2	12	6	21	2	0	.268	.382	.303	.685
"Villar, Jonathan"	SS	HOU	87	263	31	55	13	2	7	27	19	80	17	4	.209	.354	.267	.620
"Vogt, Stephen"	1B	OAK	84	269	26	75	10	2	9	35	16	39	1	0	.279	.431	.321	.752
"Votto, Joey"	1B	CIN	62	220	32	56	16	0	6	23	47	49	1	1	.255	.409	.390	.799
"Walker, Christian"	1B	BAL	6	18	1	3	1	0	1	1	1	9	0	0	.167	.389	.211	.599
"Walker, Neil"	2B	PIT	137	512	74	139	25	3	23	76	45	88	2	2	.271	.467	.342	.809
"Walters, Zach"	DH	CLE	62	127	16	23	3	0	10	17	9	48	0	0	.181	.441	.241	.682
"Watkins, Logan"	2B	CHC	31	65	10	16	3	0	1	6	1	16	1	0	.246	.338	.269	.607
"Weeks, Jemile"	2B	BOS	17	37	8	11	3	1	0	3	4	2	2	0	.297	.432	.372	.805
"Weeks, Rickie"	2B	MIL	121	252	36	69	19	1	8	29	25	73	3	4	.274	.452	.357	.809
"Werth, Jayson"	OF	WSH	147	534	85	156	37	1	16	82	83	113	9	1	.292	.455	.394	.849
"Wheeler, Ryan"	3B	LAA	31	56	6	13	2	0	2	13	5	12	0	0	.232	.375	.281	.656
"Wheeler, Zelous"	3B	NYY	29	57	6	11	0	0	2	5	2	12	0	0	.193	.298	.230	.528
"Whiteside, Eli"	C	CHC	8	25	0	3	1	0	0	2	0	8	1	0	.120	.160	.115	.275
"Wieters, Matt"	C	BAL	26	104	13	32	5	0	5	18	6	19	0	1	.308	.500	.339	.839
"Wilkins, Andy"	1B	CHW	17	43	2	6	2	0	0	2	2	22	0	0	.140	.186	.178	.364
"Williams, Jackson"	C	SF	7	14	1	3	0	0	1	3	2	4	0	0	.214	.429	.313	.741
"Willingham, Josh"	OF/DH	KC	92	297	48	64	10	1	14	40	53	102	2	0	.215	.397	.346	.743
"Wilson, Bobby"	C	FA	2	4	0	1	0	0	0	0	0	0	0	0	.250	.250	.250	.500
"Wilson, Josh"	2B	TEX	24	67	7	16	4	0	0	8	2	14	1	0	.239	.299	.271	.570
"Wong, Kolten"	2B	STL	113	402	52	100	14	3	12	42	21	71	20	4	.249	.388	.292	.680
"Worth, Danny"	SS	FA	18	42	5	7	1	0	0	5	2	12	0	1	.167	.190	.217	.408
"Wright, David"	3B	NYM	134	535	54	144	30	1	8	63	42	113	8	5.000	.269	.374	.324	.698
"Yelich, Christian"	OF	MIA	144	582	94	165	30	6	9	54	70	137	21	7.000	.284	.402	.362	.764
"Ynoa, Rafael"	3B	COL	19	67	5	23	6	1	0	13	4	9	0	.000	.343	.463	.380	.843
"Young, Chris"	OF	NYY	111	325	40	72	20	0	11	38	32	70	8	3.000	.222	.385	.299	.683
"Young, Delmon"	DH/OF	BAL	83	242	27	73	11	1	7	30	10	51	2	.000	.302	.442	.337	.779
"Young, Eric"	OF	NYM	100	280	48	64	10	5	1	17	24	60	30	6.000	.229	.311	.299	.610
"Zimmerman, Ryan"	OF/3B	WSH	61	214	26	60	19	1	5	38	22	37	0	.000	.280	.449	.342	.790
"Zobrist, Ben"	2B/SS/OF	TB	146	570	83	155	34	3	10	52	75	84	10	5.000	.272	.395	.354	.749
"Zunino, Mike"	C	SEA	131	438	51	87	20	2	22	60	17	158	0	3.000	.199	.404	.254	.658
																		
																		
																		
																		
																		
																		
																		
																		
																		
																		
																		
																		
																		
																		
																		
																		
																		
																		
																		
																		
																		
																		
																		
																		
																		
																		
																		
																		
																		
																		
																		
																		
																		
																		
																		
																		
																		
																		
																		
																		
																		
																		
																		
																		
																		
																		
																		
																		
																		
																		
																		
																		
																		
																		
																		
																		
																		
																		
																		
																		
																		
																		
																		
																		
																		
																		
																		
																		
																		
																		
																		
																		
																		
																		
																		
																		
																		
																		
																		
																		
																		
																		
																		
																		
																		
																		
																		
																		
																		
																		
																		
																		
																		
																		
																		
																		
																		
																		
																		
																		
																		
																		
																		
																		
																		
																		
																		
																		
																		
																		
																		
																		
																		
																		
																		
																		
																		
																		
																		
																		
																		
																		
																		
																		
																		
																		
																		
																		
																		
																		
																		
																		
																		
																		
																		
																		
																		
																		
																		
																		
																		
																		
																		
																		
																		
																		
																		
																		
																		
																		
																		
																		
																		
																		
																		
																		
																		
																		
																		
																		
																		
																		
																		
																		
																		
																		
																		
																		
																		
																		
																		
																		
																		
																		
																		
																		
																		
																		
																		
																		
																		
																		
																		
																		
																		
																		
																		
																		
																		
																		
																		
																		
																		
																		
																		
																		
																		
																		
																		
																		
																		
																		
																		
																		
																		
																		
																		
																		
																		
																		
																		
																		
																		
																		
																		
																		
																		
																		
																		
																		
																		
																		
																		
																		
																		
																		
																		
																		
																		
																		
																		
																		
																		
																		
																		
																		
																		
																		
																		
																		
																		
																		
																		
																		
																		
																		
																		
																		
																		
																		
																		
																		
																		
																		
																		
																		
																		
																		
																		
																		
																		
																		
																		
																		
																		
																		
																		
																		
																		
																		
																		
																		
																		
																		
																		
																		
																		
																		
																		
																		
																		
																		
																		
																		
																		
																		
																		
																		
																		
																		
																		
																		
																		
																		
																		
																		
																		
																		
																		
																		
																		
																		
